140291080192
963314188288
594886524931
872012578820
473151045641
189146333193
942242005006
729305579534
862650892304
590155350032
694610296850
1003680170008
989318873113
792555683866
1082298204187
361347678234
688973152281
248235687966
105931341855
919794090016
1046831169567
11576279074
632970805289
664914624558
489760489519
399230631982
243974275118
874361389106
1083908816952
207399944249
574351212602
658136629307
14025752638
908888899650
839968096322
712998125636
540125691973
1016363745350
538817069127
767121424453
522945822793
313230622793
1052233433163
780408979532
771819044937
249040994383
958784340049
953851838546
295211892819
373058175057
1023510839379
771349282902
90563412055
511637979226
655016067164
714239639644
1025490550878
108951240799
645184618592
584585314400
747592745059
946671190119
979051217000
996633739371
546568142957
687161213037
931101933677
64659390574
587672322161
715112054898
480231030897
129889206385
421309448304
38252052589
863657525367
512879493241
1099310301308
367823683709
318096015487
777858842753
772859232389
1096961491077
839766769803
947208061067
81939923086
897413283983
58149830798
701858054290
68283269266
617435103385
957542826143
516469817504
839968096417
807554515106
722963792034
592873259170
287259492516
303969599654
424564228263
831311052968
229579423912
659680133288
991835455659
35802579115
264543142060
118380036270
781751156913
175556788403
474895876276
224881803445
415772967094
172469780665
942812430522
1034818683065
601731629241
54492397757
196796743869
128312148163
869932204228
594416763076
700549431496
618173300939
517744885964
464829546700
972306776270
440670355663
676121805009
178979340499
489458499797
903486636246
831915032789
798863917270
269576306907
1034852237532
318498668764
542810046686
440234148063
324001595616
320176390369
864831930594
833525645538
753162780900
903922843877
590725775591
457212690668
700582985971
727694967029
1021363355893
76436996343
722225594615
631125311737
622266941690
836444881145
613978996991
20937965824
743801094400
967340720386
484861542658
792320803074
372252868869
975226011910
818761695494
464259121416
813527204107
235719885068
629682471180
356884939024
804199072016
841645818129
839397671187
674578301204
72678899991
473721471256
131499819289
609314930970
704710181148
67109149
132204462366
759403905311
815406252317
512476840221
836813979938
144250503459
973984497957
239746416934
298366009639
113816633639
711152632109
288366788910
597939978545
307559924018
932746101043
1005827653940
614012551477
586665689398
124822487350
295782318393
936739078458
295547437369
421410111804
19394462013
788998914361
523382030653
28957475139
321417904454
583075365191
907748049224
36909875527
1065655206217
204514263367
134788153676
905030140237
202769432909
1040220946758
1095652868434
263972716883
486572818772
485062869332
357556027733
566734356824
411779989850
148008599899
124453388637
318834213216
545125302627
683168235875
951335256421
547037905254
792455020904
828123382121
702495588712
423054279021
164550934894
957777707375
936437088625
330276274545
877146407283
2483028342
854799155575
1063004406138
557808877947
139821318531
720011002244
219647312265
556030493066
281857229200
528616522130
288333234582
1031362576790
828391817624
4798284191
673974321568
402988728737
440603247013
406813933990
741620056488
912781214125
13992198574
189850976686
766920098224
1092196762033
573076144561
1099008311731
808594702770
697428869554
550728892854
868556472759
826948977079
595121406390
649177596346
1036328632763
219311767998
408021893567
166933299648
822184247747
2315256261
344604017094
579451486663
32514245063
810272424391
1037301711306
261724570059
912680550858
521402319309
452179526093
528448750031
504356667859
315009008084
1093035622869
359166640598
335544320469
838659473879
1008176464339
1022000890330
931873685979
719910339035
630856876509
1007002059227
311351575007
644144431583
545360183779
922981761508
695616930277
826915422695
44224741867
132036690412
167537279469
470231810543
579149496815
549755814385
535092527602
498081989107
100227088881
570291126778
417584906751
403055837696
503853351425
1015424221696
12348031489
1040522936834
245786214914
181462368777
152135795211
1000089846289
702663361042
1023141741075
523885347347
814902936085
94153736722
688436281883
1025993867804
613341463068
274777244192
19260244514
471842423331
83114328610
690449547812
871140164135
874931814952
138042933801
475130757671
1041026253356
765275931181
342926295598
931437478450
250248954419
598745285172
112172466741
813694976566
684309086775
921840910902
330511155772
532710163006
563949339199
705213497919
821748040257
828358263358
652767920709
289574748742
90932511303
751585722954
94388617802
89959432780
355442098765
39862665805
1048441782859
319639519824
152437785169
153108873810
366749942357
146062443094
982138225240
493015269977
205218906713
903922844248
938316137054
905130803808
917076181600
171429593699
364736676454
864127287911
906909188713
874260726377
963112862315
919592764009
807856505456
7717519984
704877953650
315713651312
241591911028
220318401141
240182624886
908721128057
711756612221
140626625153
915532677763
696556454531
146632868486
510295802503
132070245000
567908762248
1029215093386
266959061646
1059044983439
509054288528
791481942673
332524421777
421242339988
982071116436
328128791190
139485774488
985963430553
1084244361882
71437386395
98616476315
118312927897
581565416094
820170982046
98046050975
978413683357
1036764840608
713769878179
796716434077
183643407013
720312992423
407250141865
731419509420
809802662575
350241161904
526099940018
608006308531
105998451381
937678602934
82543903416
367723020989
304472916670
95093260991
34628174528
970696164033
207601271488
118514254531
427215028935
473989907146
678202180299
996331750090
598678176462
446643045071
344536908495
397787792081
439932158682
245484225244
764437070558
592336388830
979621642978
542440948451
793528763108
290044510949
697093325543
138110042857
1023510840043
147605947118
344469799667
91704263412
856980194035
153276646134
190756946679
364770231028
627870532349
509289169661
461943866111
782690681598
1711276801
893118317314
922377782019
1038039909117
893923623685
290212283146
977407050507
404028916492
605925933836
871777698573
417484243729
341315683092
904291943188
636124922646
341684781846
400774136602
187300840219
834330952477
527878325023
921035604767
178878677795
676860003108
388057006885
650721100582
57713623845
228103029546
629716026156
94757716782
835471803183
790609527600
1174405935
938752344881
194313716532
918049260346
752223257403
850302862141
328833434430
815775351614
463957132093
905936110401
194951250751
851812811587
1067198710595
855436690240
1082264650566
643842442056
625186177864
116769424204
957677044559
31809602387
578813952851
961938457428
695818257236
962374665047
227398386520
581632525144
299607524186
642164720474
313398395739
78852916061
262831866717
849598219098
782556463968
218674234209
555694949218
604617311069
505833063265
597705098085
456776483685
829264233315
477949330281
408357438316
214781920108
312492426094
576028935022
651492852590
278803776366
769537344372
348731212661
719776121718
907177624440
599919690619
850504188796
687971032592
964522148736
507007468417
646526796676
731620836228
914660262792
790609527690
130895840139
421980537740
968481571726
568412078998
987171390358
174751482774
901842469783
406794759790
211728466845
125023814557
253705061279
662465151904
439294624670
966401196965
513852572582
297023832999
423960249257
62713234345
77879837611
644949738412
295614546863
448924746674
141868139458
563345359810
553950118850
64659391429
489223619527
303197848520
428758533068
123178320845
1085854974928
591363310545
1024047711186
410840466389
1033912714198
200957494230
1000526054358
723500663768
384600900571
104220066782
583880672223
424295793634
535159636962
275649659878
312291099623
434227905512
85228258278
477580231658
521133884402
439831495668
562070291446
682597811192
293165073401
820070319097
1000760935420
139418665983
124956705793
540528346115
774939608068
721084744710
214547039239
1017705923590
595859604489
1078506554378
1007270495238
556869354508
917545944077
286722622477
259241542669
404398015499
907144070158
1068574442509
421544330259
1089176863763
578914616341
1058776548374
566499476502
915834668056
641493632025
829331342362
966065652764
183643407389
619884577822
410270041117
241558357025
206493975587
255147901990
318901322794
523247813676
89120572461
878958347308
347590362158
96737428530
478217765939
924256830514
1080721146930
585021522999
860704736312
238538458171
338497111102
226458862657
1063440614467
792421467205
574082778183
485163533389
45969572942
44325405773
583780009043
627870532691
124117845077
226995733592
974588478554
687597421660
122708558948
53989082213
141398377572
352925516900
124587607144
102408127593
852785890411
268435457132
984856134773
723098010742
371581781111
769604453495
1034885792887
531871302773
683436672121
112138912891
462380074109
502913827970
18857591938
356046079108
519892370566
14294189194
404800668814
69927437455
718601716882
992808535191
98113160345
843759748255
105260254368
868388701346
182267675811
285984425128
1066762503337
356952048808
688738272424
970662610092
378393330866
966266979507
875300914355
468486980789
374702343350
384332465334
776919319736
749304022197
615589610682
461095417804
1092431643828
999888520382
257094059199
778093724865
251792458947
1072768746692
395606754500
1004753913032
710112445645
448421430478
615757382862
436442498256
242061673678
445804184787
239243101396
901775361239
978044585178
204010947803
856711759068
781046514907
984554144992
1082835076321
99656664290
985862767844
773597431015
858657916137
271421801706
885635679470
798192829682
893588079859
1085217441011
115427247349
6744442101
432046867704
677396874489
1089243972865
987204945154
339436635394
184918476037
81144203812
307526370567
352657081609
449696498954
650318447886
1061326685456
990862378258
970528392468
1063709050133
955965768982
28991030550
931705914648
772825679131
433925915932
1049582634268
885233026331
421108122912
629615363360
440703911202
93214213408
591027766564
949758199078
898990343462
17548969256
696556455208
68316824870
468486980907
1068440225068
399398405421
675148727598
863120655663
1088237339951
98146714928
550930220338
322491647282
906137437492
574921639212
34024195381
284407366963
791112844600
650050012473
686993442106
316049196347
635487388987
138110043451
2147484991
155424130368
191461590335
702663361858
611663742278
989889299783
943147976014
496739812691
911103493460
132439344470
432214639960
203339859295
480465913184
206963737951
471104226658
671021532514
802118698340
392117093733
895500682596
875133142373
567175774687
931806578027
1078909207919
763497547120
621931398513
964857693553
951637247348
677061330297
287997691257
804131964283
968246691193
544219334013
812285691264
97643398528
463722251654
59089356167
121232164232
80765519243
640050791820
313968821645
592101508493
649043379598
370776475020
185824445842
703602886035
169584100756
641963394454
335611430297
55029269915
355576317340
620522112415
478318429599
723869762976
119386670498
70061655458
1029215094181
496941139366
271421801895
960428508584
671155750310
78618035622
1020121843112
730681312683
128412812716
524832999293
329269642671
268099913136
938785899958
882112464313
16005465531
853020771772
983815947709
779737892286
181160379839
596866237884
893420307904
848256042431
193005094339
344469800388
793864308165
659210372550
424262239684
493149488584
547742549452
521402320333
654680524236
404934886863
30400316878
289675412945
835538912721
532307510739
915935331796
697361761749
923216643541
313700386262
422685181391
842987996633
1007102723557
667934524901
401914988005
693066794469
119957095911
771215066602
438120220140
471540434413
134083511790
246490858991
555460068848
41406170607
722594694641
984587699704
451005122040
617938421243
144082732541
448689866238
1081861998081
863758190081
457716008450
1010793711111
936168654343
162403452427
868489365007
1097599026709
1079144089114
433556817436
542575167013
597369554470
856812422696
749975111209
215654336047
183978952242
1014216263219
699375027765
70128764469
963481962043
305345332796
591497528893
419430401598
998244353601
994150712901
400941909573
959824528971
1073741825612
270448723531
427282138703
640218564176
429161186899
128781911639
1048810882649
151598925401
772792125018
570190464606
342557197919
944154609247
717427312227
904023508579
992103892579
553480357475
557674661478
825640355432
795877574249
925833889385
194246608491
15065941613
498081990253
1097464809071
52881786481
706354349683
178375362164
348596995700
674947401333
220586837622
11039409782
467681674869
33822869107
299641079422
160591513215
547675440769
594181883523
222298113668
512309069445
133076878982
1035120674439
1042771084940
826244335245
196092102288
972004787856
134922372755
1086358292116
518650857109
788931806870
490599351959
1072735192725
787623184027
936537753246
149988312735
65699579556
73215772326
455602079399
440234149542
199078446765
893722298031
786549442223
639614584498
736251348659
456172504756
812084364983
985225234106
330578265788
720547874496
757591967428
516134274757
762558023370
867952494283
345811977932
852685227725
1021162030799
428087445202
505262638808
1082566641370
483854911194
1041764452062
504356669152
980527613665
672061720289
124889597668
225150240487
933920507625
93922398534
767020762857
78517372656
380104607473
455836960498
756316899059
81302390517
191159600888
946536974073
264945796863
14428407552
562070292227
1068205344516
999116769029
739002812168
954623592201
206426867465
233236858635
260013295371
160994166541
217829537349
645654382348
791783933713
175959443219
969119106840
570626672409
959656757017
1000794490651
929591985945
850302863134
257630930719
265382004511
782153811745
360039057187
178744461097
945664558890
213070645033
393056618284
823056664365
312895080242
775610697526
348227897143
1010659493690
734573627194
353764378426
59122911037
879260337982
593074587457
581666080578
653103466307
459762829124
336349628229
502074967882
678302844750
971870570319
270683604817
372286424914
126164666198
384668010327
962877982552
468822525783
195957884766
941604472672
111434270561
349838509925
730077333351
1003713726312
1077634140009
144015624040
749169805163
931236153195
881240049513
176227878766
856443324267
619582588781
993311852402
851913475955
370675812218
778496378751
613509236610
434664114052
877347735429
1055823759237
251423360907
2214594444
752558802831
449528727444
917311063958
716286461851
337356261277
789636450206
120259086238
873287649184
463621588896
815708243874
190991828899
1099310303137
480398804901
668538505119
81101064103
362522085288
227398387616
648942716845
717930629038
933450745776
580256794545
1088304449460
476170946485
993244743609
506504153018
239343765433
146062444476
760779638716
642064058308
189985195972
188643018698
546601699277
536669587408
8959035345
901171382224
641392969685
980963821526
987842480087
160121751511
842417571801
1046764062678
42513467352
533783906268
316485404637
580525230045
548950509535
450266925023
584316880868
328665663461
769906444262
381815883749
973212747750
13824428007
775442925546
282192775147
214547040236
662599370731
669947791343
1069648185334
516335601656
1049314199545
266959063032
285984425978
142136575993
1020692269053
135459244029
897547503609
500867008512
387989899267
39627786244
1081794889733
871811254281
699710572554
693234567179
223271192589
458252879885
830405085203
531367987220
973414074393
407283697690
270280951834
549252499489
1095216662562
184750704676
885098809381
13656655911
1064044595240
419698837545
184952031274
519389055017
8153729066
419396847661
252463548461
812453464110
841142503472
700482324529
845504579634
176999630890
669142485038
231928236085
376312956982
995090237493
502376958009
221861906490
526099941434
286219307068
518550194234
184079616062
1028745332800
1015155787841
887883827265
1051730118720
1062131992646
84355844167
51640272968
538984843339
745512372300
322491648077
969790195789
714944284758
221660579926
1018611894365
303164295263
1062769526879
99119794273
153108875362
663438231650
540629010528
585457731683
11878271078
474862323815
258671118442
33587988587
241994565739
950328625261
955965769837
17045653618
66135787639
323129182330
972843649146
14461962364
74255960191
403559155839
239142439042
793428101250
1050924812420
411377338499
685282166919
108951242887
1063272843401
979923634315
155222804619
1022135109775
467178358929
394902112402
447179917462
337188489367
1024785909912
1060924033179
1055421106332
681289189534
780106991774
308465895585
518852184226
135291472033
581968070821
929457768614
518785075367
1061360240808
154786597032
1080956029098
720346548400
68685924530
406813935795
899527215283
964757031094
967307167927
59928217784
572035958972
34124859580
915230689478
320411273416
784804612298
410806913227
366347290831
831982143698
417282918611
564989528276
467413240020
58955139286
270616496342
1048206903511
904258390233
999116769499
94657054941
1094914672862
809433565408
648674281699
239142439141
18354276581
954019612901
780140546277
1067634919657
373527939306
851208833261
2952792301
4026534126
562338728176
104253622512
355945416945
216929405168
327289932020
76906760437
961066043637
658438621431
54962161912
531267324153
321183025402
420537698555
985929877756
583478020345
530764007679
387218147583
117172078849
254376151299
615589611779
882917771526
988916222217
757759740170
404263799050
645050403083
908385585419
962508884235
1072164768018
70766299411
436610271506
875233806614
506235717912
1012303661337
148511918361
362924738840
18085841182
183173646625
320948144429
994922465582
621964953903
1011129256240
189582543153
671793285426
776986429747
303768275252
203339860278
648238074166
492176410937
188206811450
29729229118
707797190975
549453826368
940362959173
164349610310
1073808935239
140928616779
676759341388
594517428555
772121037132
586799909196
87140862292
231726909783
938551019864
138479143256
1072265431388
64827165022
989855746398
31574722915
370541594981
792387914088
583377357166
845135481199
381279013232
480868567409
714105424239
349872064888
650284894584
847417182585
574384769405
283568507262
831411718527
434160798080
115024595333
625219733899
517946214796
805574805901
800071879053
153444419983
968716454291
448421431700
911774583188
174483048852
993546733975
385037109655
965964990873
390909135258
952375445914
1026698512795
176731195804
1094981781920
790508865953
460299700641
75396811171
143243872678
43218110889
434865441193
958918560171
485935286699
648204519856
754270079408
760209213875
690751539636
751787051444
159953979833
1003613063610
406411282876
1044717242817
860973173185
5704255939
395506092485
823425763782
24998054343
457716009417
29494348239
440804575695
962240448975
266959063504
972373887442
769336019408
581632526804
590423787991
384064031191
1014585362905
973917391320
852383238621
967911147997
372554861023
20501760481
153343756770
497511565795
775140936163
982004009445
747324312038
848994240999
284977793505
809634892265
198206032365
45466257903
1021598239215
637536755
270784268788
924122614262
138848242169
175221246459
502746057212
323498281471
1091794110975
970998155776
608174082562
547239234050
97777617410
45432703494
411478002184
1048609557000
494525221384
294339480074
276253641228
982205336077
98985576979
959153441300
448117147334
231424920088
379332856344
920163191323
964052388380
780576754203
45902465569
1054649354786
509188508194
157336734249
980561168939
926572087856
176328542769
773228333616
171362486834
894426942006
881844030007
428188109368
965126130232
781449169465
595758942775
1050421496379
266925509182
557406227007
413793258048
244410485313
965998545472
514926316099
288467454529
444763998782
917646608966
764772616778
284977793614
1140853327
954321603151
63451433553
889628658262
106233334358
256456526422
961334479446
104555612762
835404696155
926941186648
755947801181
173543524953
109857213023
632098392672
919794092641
651761289820
1027805809251
1019182320228
573747235429
1060554934883
607301667431
576901352041
61807266410
48721037932
262898977392
389164305011
926135880309
324538468983
1007203388025
293500619387
623340685955
599617702532
708636052099
969924414087
1047770696328
471808871049
1031027034762
951033268874
445468641932
729506908811
294037490318
937510832783
907546725008
663102687887
233505294991
445233760915
121836145299
880334080659
569452268179
109051906711
582941149848
243437406868
125929786010
980292733595
940396513948
873388313236
660586105504
512678169249
925297019554
817587292834
705481935522
877448399521
1026228751015
503383591591
927343839916
728970037934
198810012338
456138951346
223136975539
178778016434
190320741048
769470237368
413222832824
1024181930683
